Lambda values:
0.01095535 
0.01086946 
-0.00019877 
0.00000101 
0.01095535 
-0.00028703 
0.00003438 
-0.00000008 
0.01095535 
-0.01255706 
0.00010022 
-0.00000004 
0.01095535 
-0.00505624 
0.00015205 
-0.00000057 
0.01095535 
-0.00637332 
0.00003097 
-0.00000004 
0.01095535 
0.00018578 
0.00007847 
-0.00000051 

Values of A:
1.5294 1.0725 1.2852 1.8358 1.8540 
0.8382 0.9295 1.9265 0.4438 1.4961 
0.0134 0.0045 0.0221 0.0149 0.0133 
0.0001 -0.0000 0.0001 0.0001 0.0000 
0.1118 0.0420 0.1342 0.1176 0.1135 
0.0522 0.0178 0.0578 0.0505 0.0509 

Values of C:
1.2187 0.4806 1.1244 0.9343 0.7678 
-0.8289 0.8239 -0.6225 -0.7951 0.4297 
0.4732 -0.6726 0.5420 0.7930 -0.1327 

Values of Ôi(x1,x2,x3):
0.1473 0.1378 0.2470 0.1201 0.2270 0.0003 0.0001 0.0005 0.0003 0.0003 -0.0010 -0.0004 -0.0012 -0.0010 -0.0010 
0.1737 0.1421 0.2185 0.1751 0.2390 0.0004 0.0001 0.0007 0.0005 0.0004 0.0118 0.0046 0.0146 0.0128 0.0122 
0.1754 0.1328 0.1824 0.1944 0.2263 0.0005 0.0002 0.0008 0.0005 0.0005 0.0312 0.0121 0.0384 0.0337 0.0321 
0.1653 0.1202 0.1541 0.1915 0.2064 0.0006 0.0002 0.0010 0.0006 0.0006 0.0545 0.0213 0.0676 0.0593 0.0562 
0.1518 0.1101 0.1406 0.1763 0.1892 0.0154 0.0062 0.0254 0.0170 0.0162 0.0804 0.0316 0.1001 0.0879 0.0831 
0.1335 0.0974 0.1257 0.1540 0.1671 0.0575 0.0280 0.0948 0.0628 0.0646 0.1020 0.0403 0.1278 0.1121 0.1058 
0.1184 0.0880 0.1172 0.1341 0.1505 0.1149 0.0690 0.1892 0.1235 0.1403 0.1400 0.0561 0.1772 0.1556 0.1460 
0.1247 0.0977 0.1416 0.1326 0.1656 0.1752 0.1326 0.2888 0.1845 0.2379 0.1761 0.0715 0.2253 0.1979 0.1847 
0.1611 0.1324 0.2049 0.1614 0.2226 0.2255 0.2221 0.3723 0.2304 0.3512 0.2288 0.0953 0.2992 0.2629 0.2427 
0.2223 0.1869 0.2978 0.2157 0.3130 0.2530 0.3399 0.4184 0.2457 0.4730 0.2839 0.1252 0.3897 0.3429 0.3090 
0.3356 0.2802 0.4424 0.3290 0.4698 0.2360 0.2520 0.3898 0.2383 0.3845 0.2879 0.1372 0.4225 0.3724 0.3248 
0.2830 0.2586 0.4527 0.2408 0.4275 0.2054 0.1794 0.3390 0.2131 0.2999 0.2694 0.1376 0.4197 0.3704 0.3143 
0.2885 0.2784 0.5146 0.2210 0.4566 0.1659 0.1208 0.2735 0.1754 0.2211 0.1838 0.1226 0.3626 0.3215 0.2467 
0.3314 0.3247 0.6087 0.2458 0.5314 0.1095 0.0645 0.1804 0.1179 0.1327 0.0371 0.0871 0.2385 0.2141 0.1198 
0.3062 0.2878 0.5186 0.2473 0.4738 0.0785 0.0413 0.1292 0.0852 0.0908 0.2727 0.1352 0.4141 0.3653 0.3136 
0.2455 0.2089 0.3377 0.2343 0.3493 0.0296 0.0128 0.0488 0.0326 0.0319 0.2773 0.1256 0.3894 0.3428 0.3055 
0.1746 0.1444 0.2253 0.1735 0.2426 0.0002 0.0001 0.0004 0.0003 0.0002 0.2461 0.1053 0.3294 0.2897 0.2643 
0.0955 0.0716 0.0968 0.1070 0.1222 0.0297 0.0129 0.0489 0.0327 0.0320 0.1856 0.0765 0.2406 0.2114 0.1960 
0.0800 0.0644 0.0968 0.0825 0.1086 0.0931 0.0517 0.1533 0.1007 0.1101 0.1163 0.0468 0.1478 0.1298 0.1216 
0.1591 0.1337 0.2130 0.1545 0.2240 0.1813 0.1410 0.2991 0.1905 0.2496 0.0468 0.0188 0.0594 0.0521 0.0488 
0.2337 0.1957 0.3101 0.2282 0.3279 0.2448 0.2859 0.4045 0.2438 0.4202 -0.0014 0.0000 -0.0002 -0.0002 -0.0008 
0.2550 0.2215 0.3668 0.2360 0.3690 0.2494 0.4626 0.4136 0.2244 0.5774 -0.0092 -0.0029 -0.0095 -0.0083 -0.0087 
0.2716 0.2449 0.4229 0.2365 0.4057 0.1576 0.7451 0.2652 0.0784 0.7596 -0.0142 -0.0048 -0.0155 -0.0136 -0.0138 
0.2826 0.2650 0.4764 0.2293 0.4364 0.0239 0.9731 0.0476 -0.1085 0.8649 -0.0191 -0.0065 -0.0212 -0.0185 -0.0186 
0.2978 0.2884 0.5348 0.2265 0.4727 0.1576 0.7450 0.2654 0.0785 0.7595 -0.0213 -0.0073 -0.0237 -0.0207 -0.0208 
0.3268 0.3215 0.6050 0.2402 0.5259 0.2481 0.4712 0.4116 0.2218 0.5841 -0.0243 -0.0083 -0.0269 -0.0236 -0.0237 
0.3897 0.3842 0.7242 0.2852 0.6282 0.2472 0.2978 0.4086 0.2449 0.4323 -0.0218 -0.0074 -0.0241 -0.0211 -0.0212 
0.4774 0.4624 0.8577 0.3630 0.7580 0.2005 0.1707 0.3308 0.2086 0.2889 -0.0177 -0.0061 -0.0197 -0.0173 -0.0173 
0.5667 0.5110 0.8826 0.4932 0.8466 0.1311 0.0835 0.2160 0.1403 0.1644 -0.0113 -0.0037 -0.0121 -0.0106 -0.0109 
0.3900 0.3719 0.6795 0.3063 0.6109 0.0609 0.0300 0.1002 0.0664 0.0687 -0.0028 -0.0005 -0.0019 -0.0017 -0.0022 
0.3028 0.2946 0.5486 0.2281 0.4826 0.0110 0.0043 0.0180 0.0121 0.0114 0.0065 0.0030 0.0093 0.0082 0.0072 
0.2714 0.2562 0.4636 0.2175 0.4215 0.0017 0.0006 0.0028 0.0019 0.0017 0.0161 0.0066 0.0207 0.0182 0.0169 
0.2629 0.2344 0.3998 0.2332 0.3889 0.0058 0.0022 0.0095 0.0064 0.0059 0.1054 0.0420 0.1328 0.1166 0.1096 
0.2427 0.2057 0.3308 0.2330 0.3440 0.0289 0.0124 0.0476 0.0318 0.0310 0.2316 0.0963 0.3026 0.2659 0.2456 
0.1763 0.1464 0.2296 0.1741 0.2457 0.0649 0.0325 0.1068 0.0707 0.0736 0.2859 0.1249 0.3895 0.3426 0.3098 
0.0908 0.0766 0.1225 0.0877 0.1282 0.1223 0.0755 0.2015 0.1312 0.1512 0.2977 0.1370 0.4238 0.3732 0.3304 
0.1589 0.1178 0.1562 0.1802 0.2015 0.1944 0.1605 0.3206 0.2029 0.2757 0.2474 0.1366 0.4125 0.3646 0.3001 
0.1587 0.1150 0.1465 0.1845 0.1976 0.2447 0.2853 0.4043 0.2437 0.4196 0.1372 0.1133 0.3283 0.2920 0.2086 
0.1289 0.0941 0.1214 0.1488 0.1614 0.2503 0.4557 0.4150 0.2264 0.5721 0.0721 0.0973 0.2727 0.2438 0.1520 
0.1111 0.0817 0.1071 0.1271 0.1401 0.2375 0.2570 0.3923 0.2394 0.3900 0.2977 0.1398 0.4313 0.3800 0.3335 

Values of Psi:
0.0410 0.1008 0.0211 -0.0391 -0.0100 0.0029 
0.0810 0.0594 0.0316 -0.0776 0.1409 -0.0753 
0.0990 0.0287 0.0365 -0.0983 0.3771 -0.2104 
0.1013 0.0124 0.0439 -0.1318 0.6930 -0.4400 
0.0934 0.0107 1.2768 -22.2948 1.0732 -0.7593 
0.0812 0.0111 5.3953 -193.9835 1.4245 -1.0966 
0.0695 0.0144 12.4286 -678.4216 2.1400 -1.9015 
0.0650 0.0302 22.4451 -1646.6183 2.9275 -2.8973 
0.0741 0.0569 35.4384 -3266.9301 4.4191 -5.0829 
0.0955 0.0908 51.3005 -5690.1279 7.2662 -10.1263 
0.1475 0.1313 39.5708 -3854.7343 10.0060 -15.9206 
0.0887 0.1758 29.3581 -2463.2803 11.7062 -19.9164 
0.0666 0.2227 20.6452 -1452.5549 15.3418 -29.3461 
0.0686 0.2702 11.6863 -618.5526 19.0333 -40.0651 
0.0830 0.2138 7.7552 -334.3437 10.8164 -17.9472 
0.1016 0.1075 2.5739 -63.8834 7.9397 -11.6962 
0.0789 0.0643 0.0174 -0.0279 5.4899 -7.0455 
0.0550 0.0135 2.5816 -64.1672 3.3865 -3.6984 
0.0391 0.0242 9.5379 -456.0541 1.8327 -1.6971 
0.0684 0.0649 23.7109 -1787.8658 0.7346 -0.6778 
0.1018 0.0930 44.1667 -4545.4742 0.1329 -0.3124 
0.0984 0.1248 66.7960 -8454.1802 0.0647 -0.3147 
0.0903 0.1593 99.8311 -15447.2143 0.0220 -0.3199 
0.0777 0.1955 124.5868 -21535.8485 -0.0060 -0.3525 
0.0671 0.2328 99.8133 -15443.0952 -0.0101 -0.3860 
0.0655 0.2704 67.8503 -8655.1239 -0.0045 -0.4557 
0.0769 0.3246 45.7588 -4793.4648 0.0036 -0.4250 
0.1074 0.3735 28.1013 -2306.7994 -0.0101 -0.3180 
0.1883 0.3326 14.7948 -881.1404 0.0419 -0.3073 
0.0973 0.2878 5.7547 -213.6936 0.1126 -0.2948 
0.0661 0.2407 0.8903 -12.9694 0.2000 -0.3035 
0.0719 0.1927 0.1315 -0.7219 0.2800 -0.2912 
0.0917 0.1464 0.4574 -4.7608 1.5543 -1.3113 
0.1018 0.1038 2.5031 -61.2629 4.4485 -5.0920 
0.0787 0.0666 6.1978 -238.8486 7.0348 -9.5937 
0.0386 0.0378 13.4923 -767.3625 9.0792 -13.7466 
0.0937 0.0186 26.6056 -2125.0904 13.3605 -23.8826 
0.0979 0.0107 44.0841 -4532.7284 16.9967 -33.7828 
0.0784 0.0107 65.9518 -8294.4131 18.5855 -38.4343 
0.0665 0.0112 40.2628 -3956.3088 9.8083 -15.3094 

Values of Polynoms:
1.0000 3.1000 18.7200 112.9640 1.0000 43.0300 3702.6618 318608.0445 1.0000 1.1000 1.9200 3.1240 1.0000 7.0300 98.3418 1375.6557 1.0000 9.0000 161.5000 2898.0000 1.0000 1.0000 1.5000 2.0000 
1.0000 9.3000 172.4800 3198.8280 1.0000 31.2000 1946.3800 121422.9120 1.0000 1.3000 2.8800 6.1880 1.0000 17.2180 592.4190 20383.3243 1.0000 30.6000 1872.2200 114549.2640 1.0000 3.2000 19.9800 124.6720 
1.0000 15.4000 473.8200 14578.2560 1.0000 19.2500 740.6250 28494.8125 1.0000 1.3840 3.3309 7.8360 1.0000 27.2500 1484.6250 80884.8125 1.0000 44.0000 3871.5000 340648.0000 1.0000 4.0000 31.5000 248.0000 
1.0000 21.5000 924.0000 39710.5000 1.0000 7.3500 107.5450 1573.5615 1.0000 1.5000 4.0000 10.5000 1.0000 37.3500 2789.5450 208341.6615 1.0000 56.4000 6361.4200 717511.7760 1.0000 6.0200 71.9808 860.6288 
1.0000 27.6500 1528.5450 84500.8885 1.0000 1.4000 3.4200 8.1760 1.0000 7.6500 116.5450 1775.4885 1.0000 47.3960 4492.2616 425783.0686 1.0000 68.0000 9247.5000 1257592.0000 1.0000 7.4000 109.0200 1606.0960 
1.0000 33.7000 2270.8800 153023.6120 1.0000 -0.5000 0.0000 0.5000 1.0000 15.7000 492.4800 15448.1720 1.0000 57.5020 6612.4600 760401.8488 1.0000 77.0000 11857.5000 1825978.0000 1.0000 9.0400 162.9432 2936.9731 
1.0000 39.9800 3196.3008 255536.2320 1.0000 9.8000 191.5800 3745.1680 1.0000 23.8220 1134.4754 54027.1224 1.0000 67.9900 9244.7802 1257037.2216 1.0000 92.4000 17075.0200 3155371.2960 1.0000 15.4000 473.8200 14578.2560 
1.0000 46.3960 4304.6776 399393.2508 1.0000 20.0000 799.5000 31960.0000 1.0000 32.0100 2048.7802 131130.8984 1.0000 55.9960 6270.6040 702201.4908 1.0000 106.6000 22726.6200 4845208.7840 1.0000 19.2000 736.7800 28273.1520 
1.0000 52.8000 5575.1800 588686.2080 1.0000 30.4000 1847.8200 112317.0560 1.0000 40.2200 3234.7968 260166.8346 1.0000 44.1960 3906.0728 345221.3938 1.0000 129.0000 33281.5000 8586498.0000 1.0000 24.6000 1209.8200 59498.5440 
1.0000 57.9000 6704.3200 776302.3560 1.0000 40.4000 3263.8200 263676.2560 1.0000 48.3900 4682.6842 453141.7869 1.0000 32.3980 2098.7608 135958.9073 1.0000 163.0000 53137.5000 17322662.0000 1.0000 27.8000 1545.1800 85884.2080 
1.0000 64.5000 8320.0000 1073215.5000 1.0000 50.5000 5100.0000 515049.5000 1.0000 42.5000 3612.0000 306977.5000 1.0000 18.4960 683.7040 25273.0836 1.0000 189.8000 72047.5800 27349071.5680 1.0000 32.4000 2099.0200 135984.0960 
1.0000 56.6000 6406.6200 725172.7840 1.0000 60.5500 7332.1050 887857.3655 1.0000 36.6080 2679.7913 196166.9939 1.0000 8.5500 145.7050 2483.0055 1.0000 204.6000 83721.8200 34258764.1440 1.0000 36.0000 2591.5000 186552.0000 
1.0000 48.9000 4781.9200 467622.8760 1.0000 70.6000 9968.2200 1407442.0640 1.0000 30.7000 1884.4800 115676.3720 1.0000 4.5960 41.7464 379.1372 1.0000 233.0000 108577.5000 50596882.0000 1.0000 41.6000 3460.6200 287881.9840 
1.0000 40.6800 3309.2248 269197.8497 1.0000 80.7000 13024.4800 2102070.3720 1.0000 23.1000 1066.7200 49259.3640 1.0000 14.7000 431.6800 12676.6920 1.0000 258.5600 133706.0472 69141812.5681 1.0000 50.4000 5079.8200 511995.4560 
1.0000 32.8200 2153.8048 141342.9271 1.0000 68.7100 9441.6282 1297399.8372 1.0000 18.8200 707.8848 26625.9639 1.0000 26.7100 1426.3482 76168.8108 1.0000 197.0000 77617.5000 30581098.0000 1.0000 58.8000 6914.3800 813072.2880 
1.0000 20.8500 868.9450 36214.1565 1.0000 44.7300 4001.0458 357888.8273 1.0000 10.8500 234.9450 5087.4565 1.0000 38.7300 2999.5258 232304.5385 1.0000 170.0000 57799.5000 19651660.0000 1.0000 64.0000 8191.5000 1048448.0000 
1.0000 8.8580 156.4283 2762.4263 1.0000 32.7700 2147.2458 140697.7197 1.0000 1.0220 1.5890 2.2259 1.0000 50.7500 5150.6250 522737.6875 1.0000 142.8000 40783.1800 11647533.4080 1.0000 56.4000 6361.4200 717511.7760 
1.0000 4.8660 46.8559 451.1357 1.0000 8.8300 155.4378 2736.2015 1.0000 10.8660 235.6399 5110.0606 1.0000 62.7980 7886.6776 990472.3629 1.0000 114.0000 25991.5000 5925948.0000 1.0000 47.4000 4493.0200 425890.8960 
1.0000 2.8700 15.9738 88.8196 1.0000 16.9000 570.7200 19273.4360 1.0000 20.8700 870.6138 36318.5500 1.0000 74.9020 11220.1192 1680743.8358 1.0000 86.1600 14846.5912 2558278.4356 1.0000 37.2000 2767.1800 205840.9920 
1.0000 6.9000 94.7200 1300.2360 1.0000 32.9500 2170.9050 143029.6895 1.0000 32.9000 2164.3200 142379.3560 1.0000 84.9500 14432.5050 2451997.6495 1.0000 57.8000 6681.1800 772286.6080 1.0000 38.4000 2948.6200 226415.6160 
1.0000 18.6200 692.9088 25785.3037 1.0000 40.9900 3359.8602 275400.3492 1.0000 44.9000 4031.5200 361985.5960 1.0000 69.0300 9529.7818 1315612.6453 1.0000 30.0000 1799.5000 107940.0000 1.0000 41.0000 3361.5000 275602.0000 
1.0000 24.5000 1200.0000 58775.5000 1.0000 48.9500 4791.7050 469058.9695 1.0000 55.2160 6097.1133 673261.2013 1.0000 54.9500 6038.5050 663576.7495 1.0000 24.0000 1151.5000 55248.0000 1.0000 46.1200 4253.6088 392306.7557 
1.0000 29.3000 1716.4800 100556.4280 1.0000 56.9000 6474.7200 736766.2360 1.0000 67.5020 9112.5400 1230161.8492 1.0000 38.9000 3025.9200 235377.6760 1.0000 18.6000 691.4200 25702.2240 1.0000 49.6000 4919.8200 487996.5440 
1.0000 35.4000 2505.8200 177376.6560 1.0000 64.8000 8397.5800 1088261.5680 1.0000 75.4080 11372.2329 1715039.2733 1.0000 24.8300 1232.5578 61183.9903 1.0000 12.0000 287.5000 6888.0000 1.0000 56.4000 6361.4200 717511.7760 
1.0000 41.9000 3510.7200 294156.4360 1.0000 72.7500 10584.6250 1539990.1875 1.0000 67.4960 9110.9200 1229833.8210 1.0000 12.7500 324.6250 8265.1875 1.0000 7.8000 121.1800 1882.6080 1.0000 62.1200 7717.2888 958733.8405 
1.0000 47.6500 4540.5450 432666.2885 1.0000 80.7300 13034.1658 2104415.6801 1.0000 55.6500 6193.3450 689263.6485 1.0000 2.7300 14.4058 75.9257 1.0000 4.0000 31.5000 248.0000 1.0000 73.2000 10715.9800 1568746.2720 
1.0000 53.7000 5766.8800 619309.2120 1.0000 92.7100 17189.7882 3187237.8180 1.0000 45.7020 4176.8456 381734.6940 1.0000 10.7100 228.9082 4892.5036 1.0000 1.6000 4.6200 13.1840 1.0000 68.4000 9356.6200 1279917.2160 
1.0000 59.8000 7151.5800 855269.1680 1.0000 104.7000 21923.6800 4590713.8920 1.0000 35.8160 2565.0717 183705.4009 1.0000 18.7000 698.8800 26119.4120 1.0000 8.4000 140.6200 2354.0160 1.0000 51.4000 5283.4200 543084.1760 
1.0000 68.0000 9247.5000 1257592.0000 1.0000 94.5500 17878.9050 3380806.3855 1.0000 25.9900 1350.4602 70170.9312 1.0000 28.5500 1629.7050 93027.6055 1.0000 21.4000 915.4200 39158.5760 1.0000 46.4000 4305.4200 399496.5760 
1.0000 58.2000 6773.9800 788433.0720 1.0000 84.5000 14280.0000 2413235.5000 1.0000 16.2140 525.2876 17017.8120 1.0000 38.5000 2964.0000 228189.5000 1.0000 28.4000 1612.6200 91568.4160 1.0000 39.7200 3154.8568 250582.1042 
1.0000 48.4000 4684.6200 453422.8160 1.0000 74.4200 11076.1728 1648503.1396 1.0000 6.3940 81.2665 1032.8416 1.0000 50.3940 5078.6105 511812.5983 1.0000 34.6000 2393.8200 165617.7440 1.0000 34.4000 2366.2200 162761.5360 
1.0000 38.5000 2964.0000 228189.5000 1.0000 64.2060 8244.3209 1058605.5258 1.0000 2.5000 12.0000 57.5000 1.0000 62.2100 7739.6682 962907.3074 1.0000 39.2000 3072.7800 240866.7520 1.0000 25.6800 1318.4248 67688.6177 
1.0000 28.6000 1635.4200 93517.4240 1.0000 53.9900 5829.3402 629398.1648 1.0000 4.5960 41.7464 379.1372 1.0000 73.9900 10948.5402 1620090.9888 1.0000 80.0400 12812.3032 2050913.4563 1.0000 22.4400 1006.6072 45154.0911 
1.0000 18.7000 698.8800 26119.4120 1.0000 43.7880 3834.2779 335746.9323 1.0000 10.7000 228.4800 4878.7720 1.0000 87.8300 15427.7178 2709945.0787 1.0000 129.4000 33488.2200 8666621.9360 1.0000 18.8000 706.3800 26541.0880 
1.0000 8.8140 154.8732 2721.2906 1.0000 33.4900 2242.6602 150179.8902 1.0000 16.8260 565.7286 19021.0712 1.0000 71.5100 10226.8602 1462574.0358 1.0000 160.5200 51532.8408 16543942.6904 1.0000 14.4800 418.8408 12115.1496 
1.0000 2.8200 15.4048 84.0631 1.0000 23.3840 1093.1229 51099.7883 1.0000 24.8200 1231.5648 61110.0567 1.0000 55.4100 6140.0362 680383.4017 1.0000 181.2000 65666.3800 23797314.9120 1.0000 11.7200 274.2168 6415.9218 
1.0000 12.8500 329.7450 8461.5965 1.0000 13.3500 355.9450 9490.3815 1.0000 34.8500 2428.5450 169234.7365 1.0000 37.3500 2789.5450 208341.6615 1.0000 218.0000 95047.5000 41440492.0000 1.0000 10.4000 215.8200 4478.6560 
1.0000 24.8580 1235.3403 61391.3217 1.0000 3.2500 20.6250 130.8125 1.0000 44.8580 4023.9803 360970.5611 1.0000 17.2500 594.6250 20497.3125 1.0000 244.8000 119853.5800 58680067.9680 1.0000 8.5000 144.0000 2439.5000 
1.0000 35.0200 2452.3008 171724.1280 1.0000 1.2100 2.4282 4.6662 1.0000 54.8660 6020.0559 660537.9093 1.0000 5.1820 53.2062 546.2476 1.0000 255.6000 130662.2200 66794271.2640 1.0000 6.3000 78.8800 987.5880 
1.0000 48.8700 4776.0538 466762.6284 1.0000 5.0200 49.9008 495.9840 1.0000 42.8700 3675.1738 315066.5316 1.0000 2.9700 17.1418 98.8523 1.0000 188.0000 70687.5000 26578312.0000 1.0000 6.0400 72.4632 869.3155 

Values of normed function:
0.0405 0.0199 0.1182 0.0916 0.0366 
0.0635 0.0202 0.1018 0.0887 0.0451 
0.0774 0.0221 0.0938 0.0932 0.0521 
0.0882 0.0240 0.0440 0.0931 0.0544 
0.0970 0.0269 0.0416 0.0835 0.0625 
0.0986 0.0324 0.0738 0.0664 0.0757 
0.0920 0.0463 0.1038 0.1124 0.0972 
0.1260 0.0603 0.1465 0.1226 0.1383 
0.1402 0.0844 0.2098 0.1449 0.1738 
0.1902 0.1107 0.2453 0.2630 0.2297 
0.2076 0.1145 0.3471 0.3910 0.2612 
0.1790 0.1303 0.3833 0.4179 0.2692 
0.1381 0.1686 0.5016 0.4215 0.2940 
0.1155 0.2124 0.6130 0.5556 0.3430 
0.1224 0.2338 0.6711 0.6355 0.3561 
0.1069 0.2605 0.6471 0.8649 0.3795 
0.0760 0.2896 0.5939 0.8666 0.3825 
0.0432 0.3667 0.4304 0.3888 0.3901 
0.0158 0.4529 0.2919 0.2909 0.4465 
0.0187 0.5144 0.2155 0.2465 0.5051 
0.0591 0.6178 0.1898 0.2181 0.6173 
0.0957 0.7135 0.1024 0.1644 0.6995 
0.1466 0.8520 0.2212 0.1477 0.8210 
0.2022 0.9804 0.3455 0.1332 0.9332 
0.2176 0.7496 0.4096 0.0513 0.7796 
0.2346 0.4732 0.4577 0.0185 0.5833 
0.2647 0.4023 0.5715 0.0470 0.5609 
0.3693 0.3012 0.6990 0.1133 0.5444 
0.4777 0.2026 0.8040 0.2376 0.5244 
0.6150 0.0903 0.8534 0.3055 0.5099 
0.6351 0.0690 0.9126 0.3777 0.5078 
0.8551 0.0514 0.7154 0.1982 0.5848 
0.8289 0.0322 0.5775 0.1232 0.5291 
0.7261 0.0150 0.4841 0.1338 0.4438 
0.6244 0.0042 0.3836 0.0909 0.3687 
0.4589 0.0025 0.2652 0.0594 0.2709 
0.3308 0.0208 0.1309 0.0622 0.2105 
0.1820 0.0450 0.0648 0.0556 0.1486 
0.0893 0.0746 0.1008 0.0501 0.1183 
0.0699 0.0333 0.2151 0.1189 0.0833 

Values of function:
624.1196 403.5801 295.8643 236.1583 789.0711 
917.2573 410.4265 265.7309 230.8381 883.0362 
1095.7483 447.3858 251.1532 239.1496 962.1276 
1233.3290 484.6703 159.5261 239.0323 987.2256 
1345.3549 542.6293 155.1739 221.2025 1077.2718 
1365.9341 651.9283 214.3653 189.5919 1224.7418 
1282.3972 929.0816 269.4416 274.7493 1465.1398 
1716.6621 1206.5272 347.9206 293.5963 1924.3126 
1897.4441 1686.4615 464.2325 334.8568 2320.1459 
2536.8631 2208.8773 529.4166 553.1548 2944.0739 
2758.9847 2283.2856 716.3581 789.8735 3295.7426 
2393.2158 2597.5534 782.8236 839.6294 3384.9907 
1871.5293 3359.9482 1000.0697 846.3335 3662.7430 
1582.5540 4229.4482 1204.7269 1094.2856 4209.6352 
1670.9054 4654.8609 1311.5339 1242.0979 4355.6140 
1471.7635 5186.0133 1267.3388 1666.2015 4616.8824 
1077.8294 5763.9913 1169.6865 1669.3501 4650.8408 
658.2537 7296.5922 869.4317 785.8506 4735.5330 
308.6588 9010.3192 614.9589 604.7218 5365.3661 
344.8594 10232.7467 474.5472 522.7488 6019.2779 
860.8429 12287.6468 427.3543 470.1672 7271.6548 
1328.9482 14190.2212 266.8305 370.8232 8189.7424 
1979.1662 16941.9559 485.1047 339.9318 9546.3599 
2690.7293 19492.9181 713.4176 313.2090 10799.1561 
2887.3717 14906.0992 831.2315 161.7863 9083.6653 
3103.8238 9412.4399 919.5024 101.0909 6892.7331 
3488.5798 8004.1723 1128.5458 153.8283 6641.8080 
4825.6773 5995.5392 1362.6781 276.3112 6457.3496 
6211.3156 4034.7384 1555.5874 506.2265 6235.1583 
7966.4436 1802.4268 1646.3554 631.7397 6073.1077 
8222.4716 1380.3753 1755.0398 765.2643 6049.0480 
11034.2992 1030.6265 1392.8243 433.3762 6909.3508 
10699.7030 647.5004 1139.6564 294.6313 6287.5884 
9386.2328 306.4470 967.9774 314.2975 5335.1614 
8086.5674 91.9402 783.4503 234.8863 4496.1995 
5971.3174 58.8111 565.8890 176.6110 3404.9150 
4333.5248 422.5881 319.2694 181.8621 2730.4465 
2432.4372 903.7008 197.8363 169.6960 2039.3132 
1247.5953 1491.2048 263.8760 159.4159 1700.2150 
999.4038 670.5411 473.9859 286.7116 1310.2826 

Evaluation of Ôi(x1,x2,x3):
Ô1(x1,x2,x3)= 1.2187*Ô11(õ1) + -0.8289*Ô12(õ2) + 0.4732*Ô13(õ3) 
Ô2(x1,x2,x3)= 0.4806*Ô21(õ1) + 0.8239*Ô22(õ2) + -0.6726*Ô23(õ3) 
Ô3(x1,x2,x3)= 1.1244*Ô31(õ1) + -0.6225*Ô32(õ2) + 0.5420*Ô33(õ3) 
Ô4(x1,x2,x3)= 0.9343*Ô41(õ1) + -0.7951*Ô42(õ2) + 0.7930*Ô43(õ3) 
Ô5(x1,x2,x3)= 0.7678*Ô51(õ1) + 0.4297*Ô52(õ2) + -0.1327*Ô53(õ3) 

Ô1(x1,x2,x3)= 1.8639*PSI1(õ11) + 1.0215*PSI2(õ12) + -1.2677*PSI3(õ21) + -0.6948*PSI4(õ22) + 0.7237*PSI5(õ31) + 0.3966*PSI6(õ32) 

Ô2(x1,x2,x3)= 0.5155*PSI1(õ11) + 0.4468*PSI2(õ12) + 0.8836*PSI3(õ21) + 0.7658*PSI4(õ22) + -0.7213*PSI5(õ31) + -0.6252*PSI6(õ32) 

Ô3(x1,x2,x3)= 1.4451*PSI1(õ11) + 2.1662*PSI2(õ12) + -0.8000*PSI3(õ21) + -1.1992*PSI4(õ22) + 0.6966*PSI5(õ31) + 1.0442*PSI6(õ32) 

Ô4(x1,x2,x3)= 1.7152*PSI1(õ11) + 0.4147*PSI2(õ12) + -1.4597*PSI3(õ21) + -0.3529*PSI4(õ22) + 1.4558*PSI5(õ31) + 0.3520*PSI6(õ32) 

Ô5(x1,x2,x3)= 1.4234*PSI1(õ11) + 1.1487*PSI2(õ12) + 0.7966*PSI3(õ21) + 0.6428*PSI4(õ22) + -0.2461*PSI5(õ31) + -0.1986*PSI6(õ32) 

Ô1([x11,x12],[x21,x22],[x31,x32])= -0.00021229*(õ11)^0 + 0.04351802*(õ11)^1 + -0.00305470*(õ11)^2 + 0.00006053*(õ11)^3 + 0.01151970*(õ12)^0 + -0.00086886*(õ12)^1 + 0.00028483*(õ12)^2 + -0.00000257*(õ12)^3 + -0.02993376*(õ21)^0 + 0.03285444*(õ21)^1 + -0.00101873*(õ21)^2 + 0.00000154*(õ21)^3 + -0.01123033*(õ22)^0 + 0.00787809*(õ22)^1 + -0.00086427*(õ22)^2 + 0.00001278*(õ22)^3 + 0.01256314*(õ31)^0 + -0.00940445*(õ31)^1 + 0.00018052*(õ31)^2 + -0.00000082*(õ31)^3 + 0.00430279*(õ32)^0 + -0.00010525*(õ32)^1 + 0.00025866*(õ32)^2 + -0.00000644*(õ32)^3 ;
Ô2([x11,x12],[x21,x22],[x31,x32])= -0.00005871*(õ11)^0 + 0.01203521*(õ11)^1 + -0.00084480*(õ11)^2 + 0.00001674*(õ11)^3 + 0.00503825*(õ12)^0 + -0.00038000*(õ12)^1 + 0.00012457*(õ12)^2 + -0.00000112*(õ12)^3 + 0.02086468*(õ21)^0 + -0.02290047*(õ21)^1 + 0.00071008*(õ21)^2 + -0.00000107*(õ21)^3 + 0.01237933*(õ22)^0 + -0.00868411*(õ22)^1 + 0.00095270*(õ22)^2 + -0.00001409*(õ22)^3 + -0.01252180*(õ31)^0 + 0.00937351*(õ31)^1 + -0.00017993*(õ31)^2 + 0.00000082*(õ31)^3 + -0.00678223*(õ32)^0 + 0.00016590*(õ32)^1 + -0.00040771*(õ32)^2 + 0.00001015*(õ32)^3 ;
Ô3([x11,x12],[x21,x22],[x31,x32])= -0.00016459*(õ11)^0 + 0.03373856*(õ11)^1 + -0.00236824*(õ11)^2 + 0.00004693*(õ11)^3 + 0.02442780*(õ12)^0 + -0.00184243*(õ12)^1 + 0.00060400*(õ12)^2 + -0.00000545*(õ12)^3 + -0.01888998*(õ21)^0 + 0.02073309*(õ21)^1 + -0.00064288*(õ21)^2 + 0.00000097*(õ21)^3 + -0.01938421*(õ22)^0 + 0.01359805*(õ22)^1 + -0.00149179*(õ22)^2 + 0.00002206*(õ22)^3 + 0.01209251*(õ31)^0 + -0.00905216*(õ31)^1 + 0.00017376*(õ31)^2 + -0.00000079*(õ31)^3 + 0.01132802*(õ32)^0 + -0.00027709*(õ32)^1 + 0.00068097*(õ32)^2 + -0.00001695*(õ32)^3 ;
Ô4([x11,x12],[x21,x22],[x31,x32])= -0.00019535*(õ11)^0 + 0.04004421*(õ11)^1 + -0.00281086*(õ11)^2 + 0.00005570*(õ11)^3 + 0.00467619*(õ12)^0 + -0.00035269*(õ12)^1 + 0.00011562*(õ12)^2 + -0.00000104*(õ12)^3 + -0.03446735*(õ21)^0 + 0.03783037*(õ21)^1 + -0.00117302*(õ21)^2 + 0.00000177*(õ21)^3 + -0.00570452*(õ22)^0 + 0.00400173*(õ22)^1 + -0.00043901*(õ22)^2 + 0.00000649*(õ22)^3 + 0.02527231*(õ31)^0 + -0.01891823*(õ31)^1 + 0.00036315*(õ31)^2 + -0.00000165*(õ31)^3 + 0.00381836*(õ32)^0 + -0.00009340*(õ32)^1 + 0.00022954*(õ32)^2 + -0.00000571*(õ32)^3 ;
Ô5([x11,x12],[x21,x22],[x31,x32])= -0.00016212*(õ11)^0 + 0.03323311*(õ11)^1 + -0.00233276*(õ11)^2 + 0.00004623*(õ11)^3 + 0.01295321*(õ12)^0 + -0.00097698*(õ12)^1 + 0.00032028*(õ12)^2 + -0.00000289*(õ12)^3 + 0.01880873*(õ21)^0 + -0.02064392*(õ21)^1 + 0.00064012*(õ21)^2 + -0.00000097*(õ21)^3 + 0.01039022*(õ22)^0 + -0.00728875*(õ22)^1 + 0.00079962*(õ22)^2 + -0.00001183*(õ22)^3 + -0.00427214*(õ31)^0 + 0.00319802*(õ31)^1 + -0.00006139*(õ31)^2 + 0.00000028*(õ31)^3 + -0.00215442*(õ32)^0 + 0.00005270*(õ32)^1 + -0.00012951*(õ32)^2 + 0.00000322*(õ32)^3 ;
